# GPT-5.5 xhigh Response

## Prompt
```

```

## Reasoning + Response
We need find the fuzzy similarity matrix \(t(R)\) and match it to an option.

Using the correlation-coefficient similarity method with absolute centered deviations,

\[
r_{ij}=\frac{\sum_{k=1}^6 |x_{ik}-\bar x_i|\,|x_{jk}-\bar x_j|}
{\sqrt{\sum_{k=1}^6 (x_{ik}-\bar x_i)^2}\sqrt{\sum_{k=1}^6 (x_{jk}-\bar x_j)^2}}.
\]

The means are

\[
\bar X_1=\frac{128}{6},\quad \bar X_2=\frac{319}{6},\quad \bar X_3=57,\quad \bar X_4=59.
\]

This gives the initial similarity matrix approximately

\[
R=\begin{pmatrix}
1&0.82&0.87&0.48\\
0.82&1&0.92&0.88\\
0.87&0.92&1&0.72\\
0.48&0.88&0.72&1
\end{pmatrix}.
\]

Taking the max-min transitive closure:

\[
r_{12}\to \min(0.87,0.92)=0.87,
\]

\[
r_{14}\to \min(0.87,0.92,0.88)=0.87,
\]

\[
r_{34}\to \min(0.92,0.88)=0.88.
\]

Thus

\[
t(R)=
\begin{pmatrix}
1&0.87&0.87&0.87\\
0.87&1&0.92&0.88\\
0.87&0.92&1&0.88\\
0.87&0.88&0.88&1
\end{pmatrix}.
\]

This matches option A.

\boxed{A}

## Metadata
- Model: gpt-5.5
- Input tokens: 1993
- Output tokens: 10930
- Reasoning tokens: 10372
- Hit token cap: False
- Finish reason: stop
- Generation time: 0.00s
- Request ID: chatcmpl-DhhhgjrQCHLevj21Mf0CQ3P52C1P9
- Via batch: True
